1111111110110111011101111011111111111101110111111011001110101111111111111111111011111110111011111111
1011101111110010111101011001111111111111101111011101111110011111001011111110111110111110111111111011
1111111011111111110101111011111111111110111111010010001101111111111111011110101000110110111111011110
0111111111111111101110110111011001111011011110011110111101111010101111111111010111110111011111111011
1111111111111101111101111011111111111111101001110111111111110011101111111111111110101111111110100111
0101100101111101111111110111111110100001111111101101111001111101111011111111111111111101011111111011
0111111111011010110110100010101101110111101001111111111111101010111110110111111111111011111111111111
1101111110111110011111010100111110101111111011111010110101111001111011101100111111111111110111110111
1111011101110111111110111101111011101111011101111111101101010100111001011011111110111011111111111111
1101101011100111101111101011111001111011111011111001011110110111011111110111111111111111111101111110
1111011110110110111111110101011111001100011011010101111111111011110110111111111110101101111111111111
1101110110100010011111111111011111110110111111011111111111111111011101111011101110010011101111100010
1010011001111111111010111111101110111110011111111111111111111111111111101111101010111110111101110111
1011111111111100011111111101111111110111011001110111110111111011101111101110111011111001111111111101
1011111110111110011110111110101010101110111111110100111111101110010111111011111111001111111011111111
1111111111101111101111011111111110011101111111111111011111111111111110111101111110011111111111111110
1111111110101110100110011111110111001111001110111111111001011011111111111000111111001001111111011110
1111101111110111111110101111001111111011010011111101111111101111111110111110111111110110101111110000
1100011111111111100111111001101111111010110111100111011111011110111111111011011111000110001111011001
0011110111110111111111111111001011111111111110111111111111111101011111000100011111011111001111111011
1111110101111111111111111101110011001101011111100001010110111111111111100101111111111111101111110110
1101100101111111111011111111101111111010111111110111111011101110111111111010101010111111111111110101
1111101111111111110011111011111101010111001000111110101011100111110111011110111111101111010111111011
1011111111110011101111111110111011111111010101110001011111011111101111101011111101101111111111101111
1111100011011110111111110111011111110010111111111111111010110111111110110010111111111111111000111110
1111111101011011111001011111110111101111111111110111001011111111011111111111111111110110010111111101
1111111111111101011010111111111111010111001111110111111111111111101101111101111111111111111011011111
1111111011111111111101111101110111101101110111111111111110111111111101111111111111111111111010111011
1110101111111000111001110011111011111111111111111011001011011111111100111111111111111011101101111111
1111110111110111111011111111011101011001111000011011111111111111100111111111111011101110011111111001
1011011111111111101101111111111111111101111011101001111111111100001111100101010101111111101010100010
1001111101111111111101111111111110111111011111111101111111111111110111111111111110111011011101110011
1110111110111101111100101111111101111101111110111011011111111011110111111001011010011110111111011101
1111111111111111111110111010101110011101011111101110110111101111101111110111111111110101110111111011
1110111110111111110110110111111110101110111110101111110101111101110111111111111111110111110000101011
0111110111110101111111111101100111111101010101101111111111111111111111111111001011101011101110011111
1011000110101111111010011011111101101111100111111010101110100111111111111111101111111111111111111101
0111110111111111110000011110110111111111101111011001111010111111111110111101111111111111110101111011
1111111010111111111111111111111011111111110111110100100111111010111111010110000101111100111101011110
1011110110101110101001110011111111110110101101111111110101101111001011111111111111111111011101111111
1101011110011111111111111110101111111111111111111111001110111111110111100011101101011111111010101110
0110011111110101111111111001110111111011111111111101111010011111101110100011111111010011101111011111
1010011111001010110111011111111111011011110110111111111111111110111011111111111011111111011111011111
1111111111110111111111011000111111111011111111101111111111111111111111111111111111110010111101101111
1101111111111011011110111101110010011111111111011111111111111111001111010111111111011111101111101111
1111110111111111111111001011101111011101111111111111111111011111111111010111011101111010111011100011
1111101111011101100000111011110110100111111111111111001111111110110111111011110111010111111110110111
1111111111111111111111001101111000011111110101100111111111111111111011111111111101111000011111111101
1111110101101111111111111011111111111110111101101111111011001110001010111110110010011011111111111101
0111010111111101111111110111010111111111111111011011110111101111111011001101111011101101111111101111
1100111111110110111111110111111111011010111100111110110101111110101011101111011111111011111001111110
1111011111111110111110110111110101001111111111111111111110111011111111100010111101011111111011111111
1111111111011011111111100111111101101011011111111011111111111110101110110101111001110111111010111111
1010111011111111111001111111111111111110100001110111111101111111110011111111111111100110111010110111
1010111110110110110011101011001111101111110110100101111111011111111111111101111110111101111110111111
1001101111111101111111011011001111111011101111111110101100100111101111111101111110000101111100111101
1111011110111111111110111101111101100111111111111111010111111011110011110111101011111111101101110111
1111110111011110111111111101011110111010111101111111010101111100101101101011001111110111111101110111
1111111111111111111011101011111111111111101111111101111101111001111111111111101111111011000011100011
1110101000110111111111001111111111101111111101110110011110101111010111100101011110110011011111110111
1110111110011101101111111110111101111110111100010111101111110010011111111111101101111101111111100111
0111101101110001110100001111101111111100011011111010011111110110111110111111011011111110111111111110
1111111110111111111110111111111111111111011110111111001001111110111111111011001101111111111101111011
0111110011111101111111111011111111110111111111011110011110111000110101111101101010011101111000111111
1111111111101111010110010111111111111111111110111111111111101111011111111111111111011111101111111110
0111101101011100011010111110111110111111110011111111110111111111100010110111110101111000101110111110
1111010011110111010101011110110110111110111101101111011101111101111011011011111111101001110110101111
1111111101101011111011110110001111111111011111101101011111111111111111101111111111111100111111111011
1111111111110001101011101110101111111111101110111011100111111111101111111101111111111111110101110111
1111110111111111110111110110011111001111111100111101011111101111101111111110011111111101111010111011
1101101111111111110111101111111001111110010111111111110111111100111101111111111111101011111111111011
1111111111011010011111111101100111111111101101111101111110111111101011111110111111011111011111111111
1110110111101101111111111011101010111111111000110111100101110101111111111111111111111110100111011111
1111000010011111001101011111111110011111111111100111110111111111111110111111101111111111111111011001
1110111111111011111110111011101101100110111101111011111101111110110111110111111111101101101011001111
1111110011101111111111100101010111101011110111111010100111101100100011111111111011010110101111111111
1110111111101111111101011111010111110111011111111111111111111101100110111111111111101111111001111111
1111111111010110111111011101111110111111011101111011110110111011101101111111110111101101111111011110
1111111011111111110111011011111111111011000111101111011101011111111011111001111101110111110111111111
1110111111101010011111011010101011110010111101111001011111111111111111111101110101001111011111111111
1010011111111111111111100111111110111111111010101111111111011110101111111101011111110111111101110110
1110111111111101111111111110110010110111110111101001111101110001011111101110111111010111111111101111
0111011011111101111011010011111111111111110101111101110111001011111001111111111111110111111111101111
1111100111011101111100111111111111101111111000111110110111111101111111010011111111110111111001111100
1111111010111111111011111001111111111110111111111111111111110110101111101111111111111110110001011111
1111111101011111011110101111101101011101111111011111111111100010110111111110111000101111111011111111
1101110111101101101111111011101111111101101011011111111101111011101111111111111111001010111111111111
1011111101111100011010101101111100011011111101111011111011101111111111110111111011110011111111110111
1101011110111101111101111101101110011111110111010111111111111110110111110101111111001111101111110111
1111111111000111111111100110110111111011101111101011101111111101111110101001110101111101100000001111
1101111111111001111111111110110010101110101001101111100110100111011110110111111010111101011111111111
0110001110101111110111111111101111111110011110011111111111111111011111111111101111010111011110111110
1111111110111111011111111111111110111101111111111111101001111101111010101111111111111101111111000111
1011111111111111011110111110101110101101010111011111011110010111111101101101100111101111110100111011
1011111111110100111011011110111111111111011111111000110111111101111111111101111111101011101110110111
1010110110110001110110111101111110011111110111100101111001111000010111010111111011111111011111101100
1111110110110111100111001001111111101111110111111100011011100111111111111111111111110101111111111011
1110111111010111111011101011011101110100001111110111110110011111110110111011111111111110010111010011
1110111111111011010011111111010111111111000101100111101111101111111001111111101101111111010100011110
1111011111111111111111101011111011111111111011111011111111100011111111110011111111111101111111110111
